TAXRANK_target,target,source,TAXRANK_source,relations_y,Hits,Score,data_source_y
,BALLERUS,ABRAMIS,,PARENT-CHILD,1.0,8.96,JEFF corpus
,HRAMA,ABRAMIS,,PARENT-CHILD,1.0,8.98,JEFF corpus
,SCHLEGELI,ACANTHOPAGRUS,,PARENT-CHILD,1.0,12.68,JEFF corpus
,TETRANYCHIDAE,ACARI,,PARENT-CHILD,1.0,13.99,JEFF corpus
,CLADOCERA,ACARINA,,PARENT-CHILD,1.0,12.19,JEFF corpus
,CERNUA,ACERINA,,CHILD-PARENT,1.0,11.09,JEFF corpus
,ALBULA,ACID,,CHILD-PARENT,1.0,12.19,JEFF corpus
,COREGONUS,ACID,,CHILD-PARENT,1.0,12.19,JEFF corpus
,CYPRINODONTIFORMES,ACTINOPTERYGII,,PARENT-CHILD,1.0,13.41,JEFF corpus
,OSTEOGLOSSIDAE,ACTINOPTERYGII,,PARENT-CHILD,1.0,12.41,JEFF corpus
,LINNAEUS,ACULEATUS,,PARENT-CHILD,5.0,10.3,JEFF corpus
,PUNGITIUS,ACULEATUS,,PARENT-CHILD,1.0,9.21,JEFF corpus
,HOYI,ADULT,,CHILD-PARENT,1.0,12.68,JEFF corpus
,ACULEATUS,AESHNA,,PARENT-CHILD,1.0,8.34,JEFF corpus
,HOLBROOKI,AFFINIS,,PARENT-CHILD,1.0,9.27,JEFF corpus
,MYERSII,AFFINIS,,PARENT-CHILD,1.0,13.0,JEFF corpus
,LOTUS,AFRICANA,,PARENT-CHILD,1.0,13.41,JEFF corpus
,MOLINA,AGRARIA,,CHILD-PARENT,1.0,13.99,JEFF corpus
,RUTILUS,ALBULA,,PARENT-CHILD,1.0,7.27,JEFF corpus
,CEPHALUS,ALBURNUS,,PARENT-CHILD,2.0,10.02,JEFF corpus
,GLUTINOSA,ALNUS,,PARENT-CHILD,4.0,13.99,JEFF corpus
,NANA,ALONELLA,,CHILD-PARENT,1.0,12.68,JEFF corpus
,ROSTRATA,ALONELLA,,CHILD-PARENT,1.0,9.83,JEFF corpus
,PSUEDOHARENGUS,ALOSA,,PARENT-CHILD,2.0,10.21,JEFF corpus
,SAPISISSIMA,ALOSA,,PARENT-CHILD,1.0,9.27,JEFF corpus
,LINNAEUS,ALPINUS,,CHILD-PARENT,1.0,8.01,JEFF corpus
,LINNEAUS,ALPINUS,,PARENT-CHILD,2.0,12.54,JEFF corpus
,BALTEATUS,ALUTACEUS,,CHILD-PARENT,1.0,11.19,JEFF corpus
,BRAMA,AMARUS,,PARENT-CHILD,1.0,9.09,JEFF corpus
,PERCICHTHYIDAE,AMBIGUA,,PARENT-CHILD,1.0,12.68,JEFF corpus
,RUSPESTRIS,AMBLOPLITES,,PARENT-CHILD,1.0,10.91,JEFF corpus
,AURATUS,AMEIURUS,,PARENT-CHILD,1.0,9.67,JEFF corpus
,PERCA,AMEIURUS,,PARENT-CHILD,1.0,11.19,JEFF corpus
,NATALIS,AMIEURUS,,CHILD-PARENT,1.0,13.41,JEFF corpus
,EPHEMEROPTERA,AMPHIPODA,,PARENT-CHILD,1.0,11.3,JEFF corpus
,GASTROPODA,AMPHIPODA,,PARENT-CHILD,1.0,11.99,JEFF corpus
,HEMIPTERA,AMPHIPODA,,PARENT-CHILD,2.0,11.83,JEFF corpus
,TRICHOPTERA,AMPHIPODA,,PARENT-CHILD,2.0,11.35,JEFF corpus
,RINELORICARIA,ANCISTRUS,,PARENT-CHILD,1.0,13.99,JEFF corpus
,DIEFFENBACHIA,ANGUILLA,,PARENT-CHILD,1.0,7.52,JEFF corpus
,VULGARIS,ANGUILLA,,PARENT-CHILD,1.0,7.5,JEFF corpus
,CENTRARCHIDAE,ANGUILLIDAE,,PARENT-CHILD,1.0,12.68,JEFF corpus
,FENNICA,ANNALES,,PARENT-CHILD,1.0,13.99,JEFF corpus
,ETHEOSTOMA,ANNULARIS,,PARENT-CHILD,1.0,12.41,JEFF corpus
,ATROMACULATUS,ANOMALUM,,PARENT-CHILD,1.0,10.47,JEFF corpus
,OCULATUS,ANURA,,PARENT-CHILD,1.0,11.41,JEFF corpus
,MELANOSTOMA,APOLLONIA,,CHILD-PARENT,1.0,13.41,JEFF corpus
,MELANOSTOMUS,APOLLONIA,,CHILD-PARENT,1.0,8.82,JEFF corpus
,HEMIPTERA,ARACHNIDA,,PARENT-CHILD,1.0,11.3,JEFF corpus
,COLLEMBOLA,ARACHNIDAE,,PARENT-CHILD,1.0,13.41,JEFF corpus
,CINERA,ARDEA,,PARENT-CHILD,2.0,13.0,JEFF corpus
,ESOX,ARDEA,,PARENT-CHILD,1.0,11.99,JEFF corpus
,LUCIUS,ARDEA,,PARENT-CHILD,1.0,11.99,JEFF corpus
,NOBILIS,ARISTICHTHYS,,CHILD-PARENT,2.0,13.67,JEFF corpus
,RUPESTRIS,ARNBLOPLITES,,CHILD-PARENT,1.0,10.54,JEFF corpus
,LINNAEUS,ARUNDINACEA,,PARENT-CHILD,1.0,8.03,JEFF corpus
,LINNAEUS,ASOTUS,,CHILD-PARENT,1.0,8.03,JEFF corpus
,REPRODUCTIVOS,ASPECTOS,,PARENT-CHILD,1.0,13.99,JEFF corpus
,CICHLA,ASTYANAX,,PARENT-CHILD,1.0,11.0,JEFF corpus
,ATHERINOPSIDAE,ATHERINIDAE,,PARENT-CHILD,1.0,13.99,JEFF corpus
,CATARACTAE,ATRATULUS,,PARENT-CHILD,1.0,10.91,JEFF corpus
,LINNAEUS,AURATA,,PARENT-CHILD,1.0,8.03,JEFF corpus
,HASSELTI,AURATUS,,PARENT-CHILD,1.0,12.68,JEFF corpus
,SCLATERI,AURATUS,,PARENT-CHILD,1.0,11.0,JEFF corpus
,SPARIDAE,AURATUS,,PARENT-CHILD,1.0,12.68,JEFF corpus
,MELANOCEPHALUS,AWAOS,,CHILD-PARENT,1.0,13.41,JEFF corpus
,AFRICANA,AZOLLA,,CHILD-PARENT,1.0,13.99,JEFF corpus
,HEPTAGENIIDAE,BAETIDAE,,PARENT-CHILD,1.0,13.41,JEFF corpus
,SIPHLONURIDAE,BAETIDAE,,PARENT-CHILD,1.0,13.41,JEFF corpus
,NOTROPIS,BAILEYI,,PARENT-CHILD,1.0,13.0,JEFF corpus
,LINNAEUS,BARBATULA,,PARENT-CHILD,2.0,7.945,JEFF corpus
,BOCAGEI,BARBUS,,PARENT-CHILD,4.0,10.41,JEFF corpus
,COMIZA,BARBUS,,PARENT-CHILD,1.0,8.46,JEFF corpus
,MICROCEPHALUS,BARBUS,,PARENT-CHILD,3.0,10.01,JEFF corpus
,SCLATERI,BARBUS,,PARENT-CHILD,12.0,11.87,JEFF corpus
,BARBUS,BARHUS,,CHILD-PARENT,1.0,9.02,JEFF corpus
,MYRIOPHYLLUM,BATRACHIUM,,CHILD-PARENT,1.0,13.99,JEFF corpus
,NANA,BETULA,,PARENT-CHILD,1.0,13.0,JEFF corpus
,BJOERKNA,BFICCA,,CHILD-PARENT,1.0,10.19,JEFF corpus
,BARBUS,BIPUNCTATUS,,CHILD-PARENT,1.0,9.02,JEFF corpus
,CLADOCERA,BIVALVIA,,PARENT-CHILD,1.0,11.67,JEFF corpus
,MYTILIDAE,BIVALVIA,,PARENT-CHILD,2.0,13.41,JEFF corpus
,VENEROIDA,BIVALVIA,,PARENT-CHILD,1.0,12.68,JEFF corpus
,ERYTHROPHTHALMUS,BJOERKNA,,PARENT-CHILD,1.0,9.75,JEFF corpus
,FLUVIATILIS,BJOERKNA,,PARENT-CHILD,1.0,6.83,JEFF corpus
,FLUVIATILIS,BLENNIUS,,CHILD-PARENT,1.0,6.84,JEFF corpus
,COREGONI,BOSMINA,,PARENT-CHILD,1.0,12.68,JEFF corpus
,LONGISPINA,BOSMINA,,PARENT-CHILD,3.0,13.58,JEFF corpus
,TRICHOPTERA,BOSMINA,,PARENT-CHILD,1.0,12.68,JEFF corpus
,LONGISPINA,BOSRNINA,,CHILD-PARENT,1.0,12.68,JEFF corpus
,HUCHO,BRACHYMYSTAX,,PARENT-CHILD,1.0,13.99,JEFF corpus
,ALBURNUS,BRAMA,,PARENT-CHILD,1.0,9.87,JEFF corpus
,BARBUS,BRAMA,,PARENT-CHILD,1.0,8.96,JEFF corpus
,BJOERKNA,BRAMA,,PARENT-CHILD,1.0,10.09,JEFF corpus
,RUTILUS,BRAMA,,PARENT-CHILD,1.0,7.25,JEFF corpus
,IHERINGI,BRYCONAMERICUS,,PARENT-CHILD,1.0,12.68,JEFF corpus
,LONGIMANUS,BYTHOTREPHES,,PARENT-CHILD,8.0,13.83,JEFF corpus
,BAETIDAE,CAENIDAE,,CHILD-PARENT,2.0,13.67,JEFF corpus
,DAPHNIDAE,CAENIDAE,,CHILD-PARENT,1.0,13.0,JEFF corpus
,CALLES,CAIOLA,,CHILD-PARENT,1.0,13.99,JEFF corpus
,CLADOCERA,CALANOIDA,,CHILD-PARENT,1.0,12.19,JEFF corpus
,BATRACHIUM,CALLITRICHE,,PARENT-CHILD,1.0,13.99,JEFF corpus
,JAPONICA,CAMELLIA,,CHILD-PARENT,1.0,9.21,JEFF corpus
,ESOX,CANADENSIS,,PARENT-CHILD,1.0,11.67,JEFF corpus
,LUCIUS,CANADENSIS,,PARENT-CHILD,1.0,11.67,JEFF corpus
,SANDER,CANADENSIS,,PARENT-CHILD,1.0,11.99,JEFF corpus
,VITREUS,CANADENSIS,,PARENT-CHILD,1.0,11.99,JEFF corpus
,CYPRINIDAE,CARASSIUS,,PARENT-CHILD,1.0,8.85,JEFF corpus
,CYPRINUS,CARP,,CHILD-PARENT,1.0,13.99,JEFF corpus
,CORREIA,CATARINA,,PARENT-CHILD,1.0,13.99,JEFF corpus
,ETHEOSTOMA,CATONOTUS,,CHILD-PARENT,1.0,13.41,JEFF corpus
,MORONIDAE,CATOSTOMIDAE,,PARENT-CHILD,1.0,13.41,JEFF corpus
,TELEOSTEI,CATOSTOMIDAE,,PARENT-CHILD,1.0,11.99,JEFF corpus
,COGNATUS,CATOSTOMUS,,PARENT-CHILD,1.0,10.47,JEFF corpus
,COMMERSONI,CATOSTOMUS,,PARENT-CHILD,10.0,12.57,JEFF corpus
,DICOBOLUS,CATOSTOMUS,,PARENT-CHILD,1.0,9.5,JEFF corpus
,GIBBOSUS,CENTRARCHIDAE,,PARENT-CHILD,2.0,9.93,JEFF corpus
,ANNULARIS,CEPEDIANUM,,PARENT-CHILD,1.0,11.3,JEFF corpus
,BERYLLINA,CEPEDIANUM,,PARENT-CHILD,1.0,11.99,JEFF corpus
,LINNAEUS,CEPHALUS,,PARENT-CHILD,1.0,8.02,JEFF corpus
,RUTILUS,CEPHALUS,,PARENT-CHILD,1.0,7.26,JEFF corpus
,DEMERSUM,CERATOPHYLLUM,,PARENT-CHILD,2.0,13.41,JEFF corpus
,FONTINALIS,CERATOPHYLLUM,,PARENT-CHILD,1.0,13.0,JEFF corpus
,TABANIDAE,CERATOPOGONIDAE,,PARENT-CHILD,1.0,13.99,JEFF corpus
,QUADRANGULA,CERIODAPHNIA,,PARENT-CHILD,1.0,13.41,JEFF corpus
,ROTIFERA,CERIODAPHNIA,,PARENT-CHILD,1.0,12.68,JEFF corpus
,LUCIOPERCA,CERNUA,,PARENT-CHILD,1.0,8.76,JEFF corpus
,ASPIUS,CERNUUS,,PARENT-CHILD,1.0,11.67,JEFF corpus
,MORHUA,CERNUUS,,PARENT-CHILD,1.0,9.95,JEFF corpus
,ALCYON,CERYLE,,PARENT-CHILD,1.0,13.99,JEFF corpus
,FLAVICANS,CHAOBORUS,,PARENT-CHILD,1.0,13.99,JEFF corpus
,CICHLIDAE,CHARACIDAE,,PARENT-CHILD,1.0,11.99,JEFF corpus
,OSTARIOPHYSI,CHARACIDAE,,PARENT-CHILD,1.0,12.41,JEFF corpus
,TETRAGONOPTERINAE,CHARACIDAE,,PARENT-CHILD,3.0,13.58,JEFF corpus
,TRICHOMYCTERUS,CHARACIDIUM,,CHILD-PARENT,1.0,13.99,JEFF corpus
,DIET,CHIRONOMID,,PARENT-CHILD,2.0,12.84,JEFF corpus
,FISH,CHIRONOMID,,PARENT-CHILD,1.0,12.68,JEFF corpus
,IMPORTANCE,CHIRONOMID,,PARENT-CHILD,1.0,13.0,JEFF corpus
,INSECT,CHIRONOMID,,PARENT-CHILD,1.0,13.41,JEFF corpus
,DIPTERA,CHIRONOMIDAE,,PARENT-CHILD,1.0,11.09,JEFF corpus
,MOLLUSCA,CHIRONOMIDAE,,PARENT-CHILD,1.0,11.99,JEFF corpus
,ODONATA,CHIRONOMIDAE,,PARENT-CHILD,2.0,12.19,JEFF corpus
,SIMULIIDAE,CHIRONOMIDAE,,PARENT-CHILD,1.0,11.67,JEFF corpus
,TRICHOPTERA,CHIRONOMIDAE,,PARENT-CHILD,1.0,10.35,JEFF corpus
,RIPARIUS,CHIRONOMUS,,PARENT-CHILD,1.0,13.99,JEFF corpus
,ALMACAI,CHONDROSTOMA,,PARENT-CHILD,1.0,9.87,JEFF corpus
,POLYLEPIS,CHONDROSTOMA,,PARENT-CHILD,5.0,12.07,JEFF corpus
,TOXOSTOMA,CHONDROSTOMA,,PARENT-CHILD,3.0,11.5,JEFF corpus
,WILLKOMMI,CHONDROSTOMA,,PARENT-CHILD,1.0,10.0,JEFF corpus
,ERYTHROGASTER,CHROSOMUS,,CHILD-PARENT,6.0,13.77,JEFF corpus
,NEOGAEUS,CHROSOMUS,,CHILD-PARENT,1.0,11.19,JEFF corpus
,ROTIFERA,CHYDORIDAE,,PARENT-CHILD,1.0,13.0,JEFF corpus
,FACETUM,CICHLIDAE,,PARENT-CHILD,1.0,12.19,JEFF corpus
,LORICARIIDAE,CICHLIDAE,,PARENT-CHILD,1.0,12.41,JEFF corpus
,MONODACTYLIDAE,CICHLIDAE,,PARENT-CHILD,1.0,12.41,JEFF corpus
,ESOX,CINERA,,CHILD-PARENT,1.0,11.99,JEFF corpus
,AURATUS,CIRRHINUS,,CHILD-PARENT,1.0,9.95,JEFF corpus
,AFFINIS,CLADOCERA,,PARENT-CHILD,1.0,9.27,JEFF corpus
,CHIRONOMIDAE,CLADOCERA,,PARENT-CHILD,1.0,11.41,JEFF corpus
,COPEPODA,CLADOCERA,,PARENT-CHILD,5.0,12.92,JEFF corpus
,DAPHNIA,CLADOCERA,,PARENT-CHILD,1.0,13.99,JEFF corpus
,OSTRACODA,CLADOCERA,,PARENT-CHILD,1.0,11.41,JEFF corpus
,RUTILUS,CLETHRIONOMYS,,CHILD-PARENT,1.0,7.27,JEFF corpus
,CEPEDIANUM,CLUPEIDAE,,PARENT-CHILD,2.0,11.47,JEFF corpus
,CYPRINIDAE,CLUPEIDAE,,PARENT-CHILD,1.0,10.82,JEFF corpus
,PSUEDOHARENGUS,CLUPEIDAE,,PARENT-CHILD,1.0,12.19,JEFF corpus
,TAENIA,COBITIDAE,,PARENT-CHILD,1.0,11.83,JEFF corpus
,GLANIS,COBITIS,,PARENT-CHILD,1.0,10.09,JEFF corpus
,TRUTTA,COBITIS,,PARENT-CHILD,1.0,5.5,JEFF corpus
,ARACHNIDA,COLEOPTERA,,PARENT-CHILD,1.0,10.91,JEFF corpus
,CERAMBYCIDAE,COLEOPTERA,,PARENT-CHILD,1.0,10.91,JEFF corpus
,COLEOPTERA,COLEOPTERA,,PARENT-CHILD,1.0,10.75,JEFF corpus
,COPEPODA,COLEOPTERA,,PARENT-CHILD,4.0,12.14,JEFF corpus
,DIPTERA,COLEOPTERA,,PARENT-CHILD,2.0,11.35,JEFF corpus
,DYTISCIDAE,COLEOPTERA,,PARENT-CHILD,1.0,10.91,JEFF corpus
,HEMIPTERA,COLEOPTERA,,PARENT-CHILD,4.0,12.19,JEFF corpus
,HYMENOPTERA,COLEOPTERA,,PARENT-CHILD,1.0,10.6,JEFF corpus
,ODONATA,COLEOPTERA,,PARENT-CHILD,1.0,10.41,JEFF corpus
,COPEPODA,COLLEMBOLA,,PARENT-CHILD,4.0,12.83,JEFF corpus
,HYMENOPTERA,COLLEMBOLA,,PARENT-CHILD,1.0,11.67,JEFF corpus
,PERCA,COMMERSONII,,PARENT-CHILD,1.0,12.19,JEFF corpus
,CONSECUENCIA,COMO,,CHILD-PARENT,2.0,13.99,JEFF corpus
,CARPIODES,CONFLUENTUS,,PARENT-CHILD,1.0,13.0,JEFF corpus
,CYPRINUS,CONFLUENTUS,,PARENT-CHILD,1.0,13.0,JEFF corpus
,ACARINA,COPEPODA,,PARENT-CHILD,1.0,13.0,JEFF corpus
,OSTRACODA,COPEPODA,,PARENT-CHILD,2.0,13.19,JEFF corpus
,NASUS,COREGNUS,,CHILD-PARENT,1.0,9.79,JEFF corpus
,ARTEDII,COREGONUS,,PARENT-CHILD,5.0,9.16,JEFF corpus
,CLUPEAFORMISS,COREGONUS,,PARENT-CHILD,1.0,6.86,JEFF corpus
,IUVURETUS,COREGONUS,,PARENT-CHILD,1.0,6.86,JEFF corpus
,LAVA,COREGONUS,,PARENT-CHILD,1.0,6.86,JEFF corpus
,LAVAREFUS,COREGONUS,,PARENT-CHILD,1.0,6.86,JEFF corpus
,LAVERETUS,COREGONUS,,PARENT-CHILD,1.0,6.86,JEFF corpus
,LUVURETUS,COREGONUS,,PARENT-CHILD,1.0,6.86,JEFF corpus
,PUSILLUS,COREGONUS,,PARENT-CHILD,2.0,7.86,JEFF corpus
,ZAVARETUS,COREGONUS,,PARENT-CHILD,2.0,7.86,JEFF corpus
,ZENI,COREGONUS,,PARENT-CHILD,1.0,6.86,JEFF corpus
,TRICHOPTERA,CORIXIDAE,,CHILD-PARENT,1.0,10.68,JEFF corpus
,PERCINA,CORNUTUS,,PARENT-CHILD,1.0,11.99,JEFF corpus
,BAIRDI,COTTUS,,PARENT-CHILD,17.0,11.58,JEFF corpus
,HAIRDI,COTTUS,,PARENT-CHILD,1.0,7.63,JEFF corpus
,HANGEONGENSIS,COTTUS,,PARENT-CHILD,1.0,7.63,JEFF corpus
,LINNAEUS,COTTUS,,PARENT-CHILD,2.0,7.83,JEFF corpus
,PJIGMAEUS,COTTUS,,PARENT-CHILD,1.0,7.63,JEFF corpus
,POLLUS,COTTUS,,PARENT-CHILD,1.0,7.63,JEFF corpus
,PYGMAEUS,COTTUS,,PARENT-CHILD,3.0,9.2,JEFF corpus
,COGNATUS,COTUS,,CHILD-PARENT,1.0,10.47,JEFF corpus
,SEPTEMSPINOSA,CRANGON,,PARENT-CHILD,1.0,13.99,JEFF corpus
,CYMOTHOIDAE,CRUSTACEA,,PARENT-CHILD,1.0,13.99,JEFF corpus
,JAPONICA,CRYPTOMERIA,,CHILD-PARENT,3.0,10.75,JEFF corpus
,IDELLUS,CTENOPHARYNGODON,,PARENT-CHILD,1.0,13.99,JEFF corpus
,INCON,CULAEA,,PARENT-CHILD,2.0,13.99,JEFF corpus
,HEMIPTERA,CURTONOTUM,,CHILD-PARENT,1.0,11.3,JEFF corpus
,CARASSIUS,CURUSSIUS,,CHILD-PARENT,1.0,10.41,JEFF corpus
,REGALIA,CYNOSCION,,PARENT-CHILD,1.0,13.99,JEFF corpus
,HYBOPSIS,CYPRINELLA,,PARENT-CHILD,1.0,9.41,JEFF corpus
,PIMEPHALES,CYPRINELLA,,PARENT-CHILD,2.0,10.3,JEFF corpus
,BRAMA,CYPRINIDAE,,PARENT-CHILD,1.0,8.96,JEFF corpus
,FUNDULIDAE,CYPRINIDAE,,PARENT-CHILD,1.0,11.99,JEFF corpus
,PERCIDAE,CYPRINIDAE,,PARENT-CHILD,1.0,11.54,JEFF corpus
,POECILIIDAE,CYPRINIDAE,,PARENT-CHILD,1.0,11.67,JEFF corpus
,SALMONIDAE,CYPRINIDAE,,PARENT-CHILD,1.0,10.6,JEFF corpus
,TELEOSTEI,CYPRINIDAE,,PARENT-CHILD,1.0,11.3,JEFF corpus
,UMBRIDAE,CYPRINIDAE,,PARENT-CHILD,1.0,11.54,JEFF corpus
,LINNAEUS,CYPRINUS,,PARENT-CHILD,3.0,9.57,JEFF corpus
,PULEX,DAPHIA,,CHILD-PARENT,1.0,11.3,JEFF corpus
,CRISTATA,DAPHNIA,,PARENT-CHILD,2.0,11.24,JEFF corpus
,DROSOPHILA,DAPHNIA,,PARENT-CHILD,2.0,11.24,JEFF corpus
,GALEATA,DAPHNIA,,PARENT-CHILD,10.0,13.19,JEFF corpus
,HYALINA,DAPHNIA,,PARENT-CHILD,1.0,10.3,JEFF corpus
,LUMHOLTZI,DAPHNIA,,PARENT-CHILD,1.0,10.3,JEFF corpus
,MAGNA,DAPHNIA,,PARENT-CHILD,3.0,11.77,JEFF corpus
,PULEX,DAPHNIA,,PARENT-CHILD,5.0,12.11,JEFF corpus
,ROTIFERA,DAPHNIA,,PARENT-CHILD,1.0,10.19,JEFF corpus
,AFFINIS,DICHROURA,,CHILD-PARENT,1.0,9.48,JEFF corpus
,AMBIGUA,DIET,,CHILD-PARENT,1.0,11.83,JEFF corpus
,MACQUARIA,DIET,,CHILD-PARENT,1.0,11.83,JEFF corpus
,CHIRONOMIDAE,DIPTERA,,PARENT-CHILD,1.0,11.09,JEFF corpus
,CLADOCERA,DIPTERA,,PARENT-CHILD,1.0,10.91,JEFF corpus
,COLLEMBOLA,DIPTERA,,PARENT-CHILD,1.0,11.3,JEFF corpus
,DIET,DIPTERA,,PARENT-CHILD,1.0,11.99,JEFF corpus
,EPHEMEROPTERA,DIPTERA,,PARENT-CHILD,1.0,10.82,JEFF corpus
,FIG.,DIPTERA,,PARENT-CHILD,1.0,11.83,JEFF corpus
,HYMENOPTERA,DIPTERA,,PARENT-CHILD,1.0,11.0,JEFF corpus
,LAKE,DIPTERA,,PARENT-CHILD,1.0,11.54,JEFF corpus
,LEPOMIS,DIPTERA,,PARENT-CHILD,1.0,12.41,JEFF corpus
,MASS,DIPTERA,,PARENT-CHILD,1.0,12.41,JEFF corpus
,MEGALOPTERA,DIPTERA,,PARENT-CHILD,1.0,11.3,JEFF corpus
,SIMULIIDAE,DIPTERA,,PARENT-CHILD,2.0,12.09,JEFF corpus
,THYSANOPTERA,DIPTERA,,PARENT-CHILD,1.0,11.41,JEFF corpus
,TRICHOPTERA,DIPTERA,,PARENT-CHILD,2.0,11.09,JEFF corpus
,GRANULOSUS,DORADIDAE,,CHILD-PARENT,1.0,11.09,JEFF corpus
,PIMEPHALES,DOROSOMA,,PARENT-CHILD,1.0,10.14,JEFF corpus
,BUGENSIS,DREISSENA,,PARENT-CHILD,2.0,11.14,JEFF corpus
,POLYMORPHA,DREISSENA,,PARENT-CHILD,25.0,13.94,JEFF corpus
,MELANOGASTER,DROSOPHILA,,PARENT-CHILD,1.0,13.99,JEFF corpus
,ZOOLOGIA,ECOLOGIA,,CHILD-PARENT,1.0,13.99,JEFF corpus
,CERATOPOGONIDAE,EMPIDIDAE,,PARENT-CHILD,1.0,13.99,JEFF corpus
,TRIDENTATUS,ENTOSPHENUS,,PARENT-CHILD,16.0,13.99,JEFF corpus
,LEPIDOPTERA,EPHEMEROPTERA,,PARENT-CHILD,1.0,10.75,JEFF corpus
,ODONATA,EPHEMEROPTERA,,PARENT-CHILD,2.0,11.54,JEFF corpus
,PLECOPTERA,EPHEMEROPTERA,,PARENT-CHILD,7.0,13.28,JEFF corpus
,SIMULIIDAE,EPHEMEROPTERA,,PARENT-CHILD,1.0,10.82,JEFF corpus
,TRICHOPTERA,EPHEMEROPTERA,,PARENT-CHILD,3.0,11.54,JEFF corpus
,ALBURNUS,ERYTHROPHTHALMUS,,PARENT-CHILD,1.0,9.95,JEFF corpus
,AURATUS,ERYTHROPHTHALMUS,,PARENT-CHILD,1.0,9.91,JEFF corpus
,CHARACIDAE,ERYTHROZONUS,,PARENT-CHILD,1.0,12.68,JEFF corpus
,LUCIUS,ESOCIDAE,,PARENT-CHILD,1.0,7.48,JEFF corpus
,SALMONIDAE,ESOCIDAE,,PARENT-CHILD,2.0,11.91,JEFF corpus
,LINNAEUS,ESOX,,PARENT-CHILD,13.0,10.37,JEFF corpus
,LUCZUS,ESOX,,PARENT-CHILD,1.0,7.37,JEFF corpus
,ESPECIE,ESTA,,PARENT-CHILD,1.0,13.99,JEFF corpus
,PERCA,ETHEOSTOMA,,PARENT-CHILD,1.0,8.11,JEFF corpus
,PERCIDAE,ETHEOSTOMA,,PARENT-CHILD,1.0,8.13,JEFF corpus
,SPECTABILE,ETHEOSTORNA,,CHILD-PARENT,1.0,10.6,JEFF corpus
,MINIATA,EUCALYPTUS,,PARENT-CHILD,1.0,13.41,JEFF corpus
,TETRADONTA,EUCALYPTUS,,PARENT-CHILD,1.0,13.41,JEFF corpus
,GRACILIS,EUDIAPTOMUS,,PARENT-CHILD,1.0,13.0,JEFF corpus
,TRICHOPTERA,EUDIAPTOMUS,,PARENT-CHILD,1.0,12.68,JEFF corpus
,GIBBOSUS,EUPOMIS,,CHILD-PARENT,1.0,8.96,JEFF corpus
,PERCINA,EXILIS,,CHILD-PARENT,1.0,11.99,JEFF corpus
,GOBIIDAE,EXTRANEUS,,CHILD-PARENT,1.0,12.68,JEFF corpus
,DER,FISH,,CHILD-PARENT,1.0,10.68,JEFF corpus
,ESOX,FISH,,CHILD-PARENT,1.0,10.68,JEFF corpus
,GOBIIDAE,FLAVESCENS,,PARENT-CHILD,1.0,12.68,JEFF corpus
,BRAMA,FLUVIATILIS,,PARENT-CHILD,1.0,8.82,JEFF corpus
,CERNUUS,FLUVIATILIS,,PARENT-CHILD,1.0,9.09,JEFF corpus
,ERYTHROPHTHALMUS,FLUVIATILIS,,PARENT-CHILD,1.0,9.38,JEFF corpus
,LINNAEUS,FLUVIATILIS,,PARENT-CHILD,7.0,10.71,JEFF corpus
,RUTILUS,FLUVIATILIS,,PARENT-CHILD,3.0,8.77,JEFF corpus
,COMMERSONII,FONTINALIS,,PARENT-CHILD,1.0,11.19,JEFF corpus
,TRUTTA,FONTINALIS,,PARENT-CHILD,2.0,6.52,JEFF corpus
,HYMENOPTERA,FORMICIDAE,,PARENT-CHILD,1.0,12.41,JEFF corpus
,MAGBANUA,FRANCIS,,PARENT-CHILD,1.0,13.99,JEFF corpus
,ICTALURIDAE,FUNDULIDAE,,CHILD-PARENT,1.0,13.99,JEFF corpus
,LINNAEUS,FUNDULUS,,PARENT-CHILD,1.0,7.62,JEFF corpus
,MICROPTERUS,FUNDULUS,,PARENT-CHILD,1.0,13.41,JEFF corpus
,PIMEPHALES,FUNDULUS,,PARENT-CHILD,1.0,9.38,JEFF corpus
,DAPHNIA,GAMBUSIA,,PARENT-CHILD,2.0,9.46,JEFF corpus
,HOLBROOKI,GAMBUSIA,,PARENT-CHILD,47.0,13.4,JEFF corpus
,IMPACT,GAMBUSIA,,PARENT-CHILD,1.0,8.47,JEFF corpus
,HOLBROOKI,GAMHUSIA,,CHILD-PARENT,1.0,9.3,JEFF corpus
,FORMICIDAE,GAMMARIDAE,,PARENT-CHILD,1.0,13.41,JEFF corpus
,DYTISCUS,GAMMARUS,,PARENT-CHILD,1.0,12.68,JEFF corpus
,HALIPLUS,GAMMARUS,,PARENT-CHILD,1.0,12.68,JEFF corpus
,LIMNOPHILUS,GAMMARUS,,PARENT-CHILD,1.0,12.68,JEFF corpus
,MINUS,GAMMARUS,,PARENT-CHILD,1.0,12.19,JEFF corpus
,PSEUDOLIMNAEUS,GAMMARUS,,PARENT-CHILD,2.0,13.0,JEFF corpus
,PULEX,GAMMARUS,,PARENT-CHILD,3.0,12.41,JEFF corpus
,HOLBROOKI,GAMUSIA,,CHILD-PARENT,1.0,9.3,JEFF corpus
,LINNAEUS,GASTEROSTEUS,,PARENT-CHILD,4.0,9.16,JEFF corpus
,PUNGITIUS,GASTEROSTEUS,,PARENT-CHILD,1.0,7.73,JEFF corpus
,OSTRACODA,GASTROPODA,,PARENT-CHILD,1.0,12.41,JEFF corpus
,UNIONIDAE,GASTROPODA,,PARENT-CHILD,1.0,12.68,JEFF corpus
,KINDTII,GIBBERUM,,PARENT-CHILD,1.0,11.83,JEFF corpus
,LONGIMANUS,GIBBERUM,,PARENT-CHILD,1.0,11.41,JEFF corpus
,LINNAEUS,GIBBOSUS,,PARENT-CHILD,3.0,9.58,JEFF corpus
,PARVA,GIBBOSUS,,PARENT-CHILD,1.0,10.0,JEFF corpus
,GIBBOSUS,GIBELIO,,PARENT-CHILD,1.0,8.96,JEFF corpus
,TELEOSTEI,GIGAS,,PARENT-CHILD,2.0,13.0,JEFF corpus
,CHUB,GILA,,PARENT-CHILD,1.0,11.41,JEFF corpus
,TOPMINNOW,GILA,,PARENT-CHILD,1.0,11.41,JEFF corpus
,ERYTHROPHTHALMUS,GLANIS,,PARENT-CHILD,1.0,9.79,JEFF corpus
,MAXIMA,GLYCERIA,,PARENT-CHILD,1.0,13.99,JEFF corpus
,PAGANELLUS,GOBIIDAE,,PARENT-CHILD,1.0,13.0,JEFF corpus
,PERCIDAE,GOBIIDAE,,PARENT-CHILD,1.0,12.41,JEFF corpus
,ALBIPINNATUS,GOBIO,,CHILD-PARENT,1.0,10.0,JEFF corpus
,LEUCISCUS,GOBIO,,CHILD-PARENT,1.0,10.09,JEFF corpus
,LINNAEUS,GOBIO,,CHILD-PARENT,2.0,9.01,JEFF corpus
,AIENSIS,GOBIOIDEI,,PARENT-CHILD,1.0,12.68,JEFF corpus
,SANDER,GOBIOIDEI,,PARENT-CHILD,1.0,11.99,JEFF corpus
,SICYOPTERUS,GOBIOIDEI,,PARENT-CHILD,1.0,12.41,JEFF corpus
,VITREUS,GOBIOIDEI,,PARENT-CHILD,1.0,11.99,JEFF corpus
,COTIDIANUS,GOBIUS,,CHILD-PARENT,1.0,11.09,JEFF corpus
,BLOCHII,GRACILIS,,PARENT-CHILD,1.0,13.41,JEFF corpus
,TRICHOPTERA,GRACILOIDES,,PARENT-CHILD,1.0,12.68,JEFF corpus
,PULEX,GUMMARUS,,CHILD-PARENT,2.0,12.19,JEFF corpus
,PULEX,GUMMURUS,,CHILD-PARENT,1.0,11.3,JEFF corpus
,CERNUA,GYMNOCEPHALUS,,PARENT-CHILD,13.0,12.51,JEFF corpus
,KAMTSCHATKANA,HALIOTIS,,PARENT-CHILD,1.0,13.41,JEFF corpus
,RUBRA,HALIOTIS,,PARENT-CHILD,1.0,13.41,JEFF corpus
,DA,HARDANGERVID,,CHILD-PARENT,1.0,13.0,JEFF corpus
,UNIONIDAE,HARPACTICOIDA,,CHILD-PARENT,1.0,13.0,JEFF corpus
,HEMIPTERA,HELVUM,,CHILD-PARENT,1.0,11.3,JEFF corpus
,ARACHNIDAE,HEMIPTERA,,PARENT-CHILD,1.0,12.68,JEFF corpus
,GAMMARIDAE,HEMIPTERA,,PARENT-CHILD,1.0,12.41,JEFF corpus
,HEMIPTERA,HEMIPTERA,,PARENT-CHILD,1.0,11.0,JEFF corpus
,ODONATA,HEMIPTERA,,PARENT-CHILD,1.0,11.41,JEFF corpus
,HYDROPSYCHIDAE,HEPTAGENIIDAE,,PARENT-CHILD,1.0,13.99,JEFF corpus
,LINNAEUS,HETEROCLITUS,,CHILD-PARENT,1.0,8.03,JEFF corpus
,VULGARIS,HIPPURIS,,PARENT-CHILD,2.0,13.41,JEFF corpus
,GIBBERUM,HOLOPEDIUM,,PARENT-CHILD,4.0,13.99,JEFF corpus
,AMERICANUS,HOMARUS,,CHILD-PARENT,1.0,12.68,JEFF corpus
,ARGRYTUS,HYBOGNATHUS,,PARENT-CHILD,1.0,11.19,JEFF corpus
,ICTIOBUS,HYBOGNATHUS,,PARENT-CHILD,1.0,11.19,JEFF corpus
,PIMEPHALES,HYBOPSIS,,PARENT-CHILD,1.0,11.99,JEFF corpus
,UNIONIDAE,HYDRACARINA,,PARENT-CHILD,1.0,13.0,JEFF corpus
,VERTICILLATA,HYDRILLA,,PARENT-CHILD,1.0,13.41,JEFF corpus
,VERTICILLATU,HYDRILLA,,PARENT-CHILD,1.0,13.41,JEFF corpus
,COLEOPTERA,HYMENOPTERA,,PARENT-CHILD,1.0,12.19,JEFF corpus
,FORMICIDAE,HYMENOPTERA,,PARENT-CHILD,1.0,12.41,JEFF corpus
,HYMENOPTERA,HYMENOPTERA,,PARENT-CHILD,1.0,11.83,JEFF corpus
,ORTHOPTERA,HYMENOPTERA,,PARENT-CHILD,1.0,12.68,JEFF corpus
,NOBILIS,HYPOPHTHALMICHLYS,,CHILD-PARENT,1.0,13.0,JEFF corpus
,SALMONIDAE,ICTALURIDAE,,PARENT-CHILD,1.0,11.09,JEFF corpus
,PUNCTATUS,ICTALURIS,,CHILD-PARENT,1.0,10.35,JEFF corpus
,PARVA,INVADER,,CHILD-PARENT,1.0,13.41,JEFF corpus
,PSEUDORASBORA,INVADER,,CHILD-PARENT,1.0,13.41,JEFF corpus
,LONGIMANUS,KINDTII,,CHILD-PARENT,1.0,11.41,JEFF corpus
,SICCULUS,LA.,,CHILD-PARENT,1.0,13.41,JEFF corpus
,AYRESI,LAMPETRA,,PARENT-CHILD,1.0,8.76,JEFF corpus
,CAMTSCHATICA,LAMPETRA,,PARENT-CHILD,1.0,8.76,JEFF corpus
,SPP,LAMPETRA,,PARENT-CHILD,2.0,9.69,JEFF corpus
,MARGINATUS,LATIPINNU,,CHILD-PARENT,1.0,12.41,JEFF corpus
,GIBBOSUS,LECITHASTER,,CHILD-PARENT,1.0,8.96,JEFF corpus
,LEPIDOPTERA,LEPIDOPTERA,,CHILD-PARENT,1.0,12.41,JEFF corpus
,HIODON,LEPISOSTEUS,,PARENT-CHILD,2.0,11.0,JEFF corpus
,CONSUMPTION,LEPOMIS,,PARENT-CHILD,2.0,8.79,JEFF corpus
,ETHEOSTOMA,LEPOMIS,,PARENT-CHILD,1.0,7.76,JEFF corpus
,HUMILUS,LEPOMIS,,PARENT-CHILD,1.0,7.8,JEFF corpus
,LINNAEUS,LEPOMIS,,PARENT-CHILD,2.0,7.92,JEFF corpus
,MACHROCHIRUS,LEPOMIS,,PARENT-CHILD,1.0,7.8,JEFF corpus
,MICROPTERUS,LEPOMIS,,PARENT-CHILD,1.0,13.41,JEFF corpus
,YOPHORUS,LEPORINUS,,PARENT-CHILD,1.0,11.41,JEFF corpus
,KINDTII,LEPTODORA,,PARENT-CHILD,6.0,13.88,JEFF corpus
,ALASKENSE,LETHENTERON,,PARENT-CHILD,1.0,11.67,JEFF corpus
,LEUSCISCUS,LEUCISCUS,,PARENT-CHILD,1.0,8.81,JEFF corpus
,PYRENAICUS,LEUCISCUS,,PARENT-CHILD,5.0,11.04,JEFF corpus
,INTESTINALIS,LIGULA,,PARENT-CHILD,9.0,13.99,JEFF corpus
,FONTINALIS,LIRCEUS,,CHILD-PARENT,1.0,7.63,JEFF corpus
,TRICHOPTERA,LONGISPINA,,PARENT-CHILD,1.0,12.68,JEFF corpus
,ESOX,LONTRA,,PARENT-CHILD,1.0,11.67,JEFF corpus
,LUCIUS,LONTRA,,PARENT-CHILD,1.0,11.67,JEFF corpus
,SANDER,LONTRA,,PARENT-CHILD,1.0,11.99,JEFF corpus
,VITREUS,LONTRA,,PARENT-CHILD,1.0,11.99,JEFF corpus
,PIMELODIDAE,LORICARIIDAE,,PARENT-CHILD,1.0,13.41,JEFF corpus
,CATOSTOMUS,LOTA,,PARENT-CHILD,1.0,10.91,JEFF corpus
,LINNAEUS,LOTA,,PARENT-CHILD,2.0,7.7349999999999985,JEFF corpus
,LINNEAUS,LOTA,,PARENT-CHILD,4.0,13.19,JEFF corpus
,SALMONIDAE,LOTIDAE,,PARENT-CHILD,2.0,11.99,JEFF corpus
,ALBANICUS,LUCIOBARBUS,,PARENT-CHILD,1.0,13.99,JEFF corpus
,LUCIUS,LUCIOPERCA,,PARENT-CHILD,1.0,11.83,JEFF corpus
,BJOERKNA,LUCIUS,,CHILD-PARENT,1.0,9.35,JEFF corpus
,CYANELLUS,LUCIUS,,CHILD-PARENT,1.0,9.71,JEFF corpus
,FLUVIATILIS,LUCIUS,,CHILD-PARENT,5.0,9.05,JEFF corpus
,LINNAEUS,LUCIUS,,CHILD-PARENT,15.0,11.69,JEFF corpus
,NASUS,LUCIUS,,CHILD-PARENT,1.0,9.09,JEFF corpus
,ALCEDO,LUTRA,,PARENT-CHILD,1.0,12.19,JEFF corpus
,ARDEA,LUTRA,,PARENT-CHILD,1.0,12.19,JEFF corpus
,ATTHIS,LUTRA,,PARENT-CHILD,1.0,12.19,JEFF corpus
,EGRETTA,LUTRA,,PARENT-CHILD,1.0,12.19,JEFF corpus
,GARZETTA,LUTRA,,PARENT-CHILD,1.0,12.19,JEFF corpus
,VARIEGATUS,LYTECHINUS,,CHILD-PARENT,1.0,13.99,JEFF corpus
,PEELLII,MACCULLOCHELLA,,PARENT-CHILD,1.0,10.54,JEFF corpus
,PERCICHTHYIDAE,MACQUARIA,,PARENT-CHILD,1.0,9.71,JEFF corpus
,MACROCHIRUS,MACROCHIRUS,,CHILD-PARENT,1.0,9.14,JEFF corpus
,CHARACIFORMES,MACROPOMUM,,CHILD-PARENT,1.0,13.41,JEFF corpus
,MESOPOTAMICUS,MACULATUS,,PARENT-CHILD,1.0,12.68,JEFF corpus
,NASUTUS,MACULATUS,,PARENT-CHILD,1.0,13.0,JEFF corpus
,AMBIGUA,MAQUARIA,,CHILD-PARENT,1.0,10.6,JEFF corpus
,LINNAEUS,MARINUS,,PARENT-CHILD,4.0,10.0,JEFF corpus
,DIPTERA,MEGALOPTERA,,PARENT-CHILD,1.0,11.3,JEFF corpus
,EPHEMEROPTERA,MEGALOPTERA,,PARENT-CHILD,2.0,12.54,JEFF corpus
,TRICHOPTERA,MEGALOPTERA,,PARENT-CHILD,1.0,10.47,JEFF corpus
,ETHEOSTOMA,MEGALOTIS,,PARENT-CHILD,1.0,12.41,JEFF corpus
,ALBELLUS,MERGUS,,PARENT-CHILD,2.0,13.41,JEFF corpus
,ZEBRA,METRIACLIMA,,PARENT-CHILD,1.0,13.0,JEFF corpus
,DOLOMIEUI,MICROPTERUS,,PARENT-CHILD,8.0,12.19,JEFF corpus
,ETHEOSTOMA,MICROPTERUS,,PARENT-CHILD,1.0,9.27,JEFF corpus
,PUNCTATUS,MICROPTERUS,,PARENT-CHILD,1.0,8.82,JEFF corpus
,PIMEPHALES,MIRABILIS,,PARENT-CHILD,1.0,11.99,JEFF corpus
,MIRZA,MIRANDA,,PARENT-CHILD,1.0,13.99,JEFF corpus
,BIVALVIA,MOLLUSCA,,PARENT-CHILD,1.0,13.41,JEFF corpus
,TRICHOPTERA,MOLLUSCA,,PARENT-CHILD,1.0,10.6,JEFF corpus
,MISSISSIPIENSIS,MORONE,,PARENT-CHILD,1.0,10.3,JEFF corpus
,DUQUESNEI,MOXOSTOMA,,PARENT-CHILD,4.0,12.75,JEFF corpus
,MACROLEPIDUM,MOXOSTOMA,,PARENT-CHILD,1.0,11.0,JEFF corpus
,LINNAEUS,MUGIL,,PARENT-CHILD,1.0,7.97,JEFF corpus
,TERAPONTIDAE,MUGILIDAE,,PARENT-CHILD,1.0,13.99,JEFF corpus
,ESOX,MUSTELA,,PARENT-CHILD,1.0,11.99,JEFF corpus
,LUCIUS,MUSTELA,,PARENT-CHILD,1.0,11.99,JEFF corpus
,SPILOPLEURA,MYERSII,,CHILD-PARENT,1.0,13.41,JEFF corpus
,THOMPSONI,MYOXOCEPHALUS,,PARENT-CHILD,1.0,12.19,JEFF corpus
,CERATOPHYLLUM,MYRIOPHYLLUM,,PARENT-CHILD,1.0,12.19,JEFF corpus
,SPICATUM,MYRIOPHYLLUM,,PARENT-CHILD,5.0,13.73,JEFF corpus
,GAMMARIDAE,MYSIDAE,,CHILD-PARENT,1.0,13.41,JEFF corpus
,DILUVANIA,MYSIS,,PARENT-CHILD,1.0,10.35,JEFF corpus
,DILUVIANA,MYSIS,,PARENT-CHILD,8.0,13.0,JEFF corpus
,RELICATA,MYSIS,,PARENT-CHILD,1.0,10.35,JEFF corpus
,RELICTA,MYSIS,,PARENT-CHILD,14.0,13.55,JEFF corpus
,TROSSULUS,MYTILUS,,PARENT-CHILD,1.0,13.41,JEFF corpus
,ROSTRATA,NANA,,PARENT-CHILD,1.0,9.87,JEFF corpus
,PERCA,NATALIS,,PARENT-CHILD,1.0,12.19,JEFF corpus
,AURATUS,NEBULOSUS,,PARENT-CHILD,1.0,9.95,JEFF corpus
,PUNGITIUS,NEOECHINORHYNCHUS,,CHILD-PARENT,1.0,9.35,JEFF corpus
,ELVIRA,NICOLA,,PARENT-CHILD,2.0,13.99,JEFF corpus
,LINNAEUS,NILOTICUS,,CHILD-PARENT,1.0,8.03,JEFF corpus
,CAMPOSTOMA,NOCOMIS,,PARENT-CHILD,1.0,10.91,JEFF corpus
,PLATYRYNCHUS,NOCOMIS,,PARENT-CHILD,1.0,10.91,JEFF corpus
,HYBOGNATHUS,NOTEMIGONUS,,PARENT-CHILD,1.0,12.68,JEFF corpus
,SPP,NOTHOFAGUS,,CHILD-PARENT,1.0,12.41,JEFF corpus
,GASTROPODA,NOTOSTRACA,,CHILD-PARENT,1.0,13.41,JEFF corpus
,CAERULEUS,NOTROPIS,,PARENT-CHILD,1.0,9.21,JEFF corpus
,CORNUTUS,NOTROPIS,,PARENT-CHILD,1.0,9.14,JEFF corpus
,LUTIPPINIS,NOTROPIS,,PARENT-CHILD,1.0,9.21,JEFF corpus
,LUTRENSIS,NOTROPIS,,PARENT-CHILD,3.0,10.54,JEFF corpus
,NOTROPIS,NOTROPIS,,PARENT-CHILD,2.0,10.16,JEFF corpus
,PERCINA,NOTROPIS,,PARENT-CHILD,1.0,9.06,JEFF corpus
,ROSEIPINNIS,NOTROPIS,,PARENT-CHILD,1.0,9.21,JEFF corpus
,SPILOPTERUS,NOTROPIS,,PARENT-CHILD,1.0,9.21,JEFF corpus
,VENUSTUS,NOTROPIS,,PARENT-CHILD,3.0,10.75,JEFF corpus
,PERCINA,NOTURUS,,PARENT-CHILD,1.0,11.83,JEFF corpus
,LUTEA,NUPHAR,,PARENT-CHILD,2.0,13.67,JEFF corpus
,LUTEUM,NUPHAR,,PARENT-CHILD,1.0,13.0,JEFF corpus
,LOTUS,NYMPHAEA,,PARENT-CHILD,1.0,13.0,JEFF corpus
,MACULATUS,NYMPHAEA,,PARENT-CHILD,1.0,9.24,JEFF corpus
,OSSEUS,OCULATUS,,PARENT-CHILD,1.0,11.3,JEFF corpus
,AMPHIPODA,ODONATA,,PARENT-CHILD,1.0,12.68,JEFF corpus
,DIPTERA,ODONATA,,PARENT-CHILD,1.0,11.3,JEFF corpus
,PLECOPTERA,ODONATA,,PARENT-CHILD,1.0,11.3,JEFF corpus
,TRICHOPTERA,ODONATA,,PARENT-CHILD,1.0,10.47,JEFF corpus
,APPLICATA,OECOLOGIA,,PARENT-CHILD,1.0,13.99,JEFF corpus
,RUTILUS,OECONOMUS,,CHILD-PARENT,1.0,7.27,JEFF corpus
,CRUSTACEA,OLIGOCHAETA,,PARENT-CHILD,1.0,13.41,JEFF corpus
,EPHEMEROPTERA,OLIGOCHAETA,,PARENT-CHILD,1.0,11.83,JEFF corpus
,MORONE,OLIVARIS,,PARENT-CHILD,2.0,12.83,JEFF corpus
,PERCA,OLMSTEDI,,CHILD-PARENT,1.0,12.19,JEFF corpus
,CLARKI,ONCHORHYNCHUS,,PARENT-CHILD,2.0,11.3,JEFF corpus
,MYKISS,ONCHORHYNCHUS,,PARENT-CHILD,5.0,9.41,JEFF corpus
,NERKA,ONCHORHYNCHUS,,PARENT-CHILD,1.0,8.09,JEFF corpus
,NERKU,ONCHORHYNCHUS,,PARENT-CHILD,1.0,11.3,JEFF corpus
,TSCHAWYTSCHA,ONCHORHYNCHUS,,PARENT-CHILD,1.0,11.19,JEFF corpus
,TSHAWYTSCHA,ONCHORHYNCHUS,,PARENT-CHILD,1.0,8.13,JEFF corpus
,KISUTCH,ONCHORHYNRUS,,CHILD-PARENT,1.0,7.8,JEFF corpus
,KISUTCH,ONCHORYCHUS,,CHILD-PARENT,1.0,7.8,JEFF corpus
,MYKISS,ONCHORYNCHUS,,CHILD-PARENT,2.0,8.14,JEFF corpus
,TSHAWYTSCHA,ONCORCHYNCHUS,,CHILD-PARENT,1.0,8.27,JEFF corpus
,NERKA,ONCORHYCHUS,,PARENT-CHILD,1.0,8.22,JEFF corpus
,CLARKI,ONCORHYNCHUS,,PARENT-CHILD,12.0,9.27,JEFF corpus
,KITSUTCH,ONCORHYNCHUS,,PARENT-CHILD,2.0,6.71,JEFF corpus
,MASU,ONCORHYNCHUS,,PARENT-CHILD,2.0,6.71,JEFF corpus
,ONCORHYNCHUS,ONCORHYNCHUS,,PARENT-CHILD,2.0,6.7,JEFF corpus
,RHODURUS,ONCORHYNCHUS,,PARENT-CHILD,2.0,6.71,JEFF corpus
,SPP,ONCORHYNCHUS,,PARENT-CHILD,2.0,6.71,JEFF corpus
,TSCHAWYTSCHA,ONCORHYNCHUS,,PARENT-CHILD,2.0,6.71,JEFF corpus
,GORBUSCHA,ONCORHYNCUS,,CHILD-PARENT,1.0,10.35,JEFF corpus
,KETA,ONCORHYNCUS,,CHILD-PARENT,1.0,10.41,JEFF corpus
,KISUTCH,ONCORHYNCUS,,CHILD-PARENT,4.0,9.72,JEFF corpus
,NERKA,ONCORHYNCUS,,CHILD-PARENT,1.0,8.11,JEFF corpus
,TSHAWYTSCHA,ONCORHYNCUS,,CHILD-PARENT,2.0,9.16,JEFF corpus
,KISUTCH,ONCORHYNUS,,CHILD-PARENT,1.0,7.8,JEFF corpus
,NERKA,ONCORLIYNCHUS,,CHILD-PARENT,1.0,8.22,JEFF corpus
,KISUTCH,ONCORYNCHUS,,CHILD-PARENT,1.0,7.79,JEFF corpus
,MYKISS,ONCORYNCHUS,,CHILD-PARENT,1.0,7.15,JEFF corpus
,NOTEMIGONUS,OPSOPOEODUS,,PARENT-CHILD,1.0,13.41,JEFF corpus
,LEPIDOPTERA,ORNATA,,CHILD-PARENT,1.0,12.41,JEFF corpus
,CLADOCERA,ORTHOCLADIINAE,,PARENT-CHILD,1.0,11.99,JEFF corpus
,TANYPODINAE,ORTHOCLADIINAE,,PARENT-CHILD,1.0,13.41,JEFF corpus
,MORDAX,OSMERIDAE,,PARENT-CHILD,2.0,11.41,JEFF corpus
,CATCH,OSSEUS,,PARENT-CHILD,1.0,13.99,JEFF corpus
,HIODON,OSSEUS,,PARENT-CHILD,2.0,12.83,JEFF corpus
,CHARACIFORMES,OSTARIOPHYSI,,PARENT-CHILD,1.0,13.0,JEFF corpus
,DORADIDAE,OSTARIOPHYSI,,PARENT-CHILD,1.0,13.0,JEFF corpus
,CHARACIDAE,OSTEICHTHYES,,PARENT-CHILD,1.0,11.99,JEFF corpus
,CYPINIDAE,OSTEICHTHYES,,PARENT-CHILD,1.0,12.68,JEFF corpus
,DORADIDAE,OSTEICHTHYES,,PARENT-CHILD,1.0,12.41,JEFF corpus
,SILURIFORMES,OSTEICHTHYES,,PARENT-CHILD,1.0,12.68,JEFF corpus
,AFFINIS,OSTRACODA,,PARENT-CHILD,1.0,9.41,JEFF corpus
,CHIRONOMIDAE,OSTRACODA,,PARENT-CHILD,1.0,12.19,JEFF corpus
,DIPTERA,OSTRACODA,,PARENT-CHILD,1.0,11.41,JEFF corpus
,SICYDIINAE,PANNELLA,,CHILD-PARENT,1.0,13.99,JEFF corpus
,DENTATIS,PARALICHTHYS,,PARENT-CHILD,1.0,13.99,JEFF corpus
,MYKISS,PARASALMO,,PARENT-CHILD,5.0,9.45,JEFF corpus
,MYKISS,PARASSALMO,,CHILD-PARENT,1.0,7.15,JEFF corpus
,LUCIOPERCA,PARVA,,PARENT-CHILD,2.0,9.75,JEFF corpus
,LINNAEUS,PCRCN,,CHILD-PARENT,1.0,8.03,JEFF corpus
,NANA,PEDICULUS,,CHILD-PARENT,1.0,13.0,JEFF corpus
,JKZVESCENS,PERCA,,PARENT-CHILD,1.0,6.79,JEFF corpus
,JUVIATILIS,PERCA,,PARENT-CHILD,2.0,7.79,JEFF corpus
,LINNAEUS,PERCA,,PARENT-CHILD,7.0,9.1,JEFF corpus
,THRUCHA,PERCICHTHYS,,PARENT-CHILD,1.0,13.0,JEFF corpus
,CYPRINIDAE,PERCIDAE,,PARENT-CHILD,1.0,10.54,JEFF corpus
,FLAVESCENS,PERCIDAE,,PARENT-CHILD,1.0,8.96,JEFF corpus
,FLUVIATILIS,PERCIDAE,,PARENT-CHILD,2.0,9.74,JEFF corpus
,SALMONIDAE,PERCIDAE,,PARENT-CHILD,2.0,11.54,JEFF corpus
,SILURIDAE,PERCIDAE,,PARENT-CHILD,1.0,11.54,JEFF corpus
,TELEOSTEI,PERCIDAE,,PARENT-CHILD,1.0,11.19,JEFF corpus
,PATHERINA,PERCINA,,PARENT-CHILD,1.0,10.41,JEFF corpus
,PERCINA,PERCINA,,PARENT-CHILD,1.0,10.09,JEFF corpus
,AUSTRALIS,PERCOIDES,,PARENT-CHILD,1.0,11.09,JEFF corpus
,FLUVIATILIS,PERCU,,CHILD-PARENT,1.0,6.84,JEFF corpus
,LOTA,PETENYI,,CHILD-PARENT,1.0,9.19,JEFF corpus
,LINNAEUS,PETROMYZON,,PARENT-CHILD,4.0,9.69,JEFF corpus
,SILURIDAE,PETROMYZONTIDAE,,PARENT-CHILD,1.0,13.0,JEFF corpus
,CARBOSINENSIS,PHALACROCORAX,,PARENT-CHILD,1.0,13.41,JEFF corpus
,LINNAEUS,PHALARIS,,CHILD-PARENT,1.0,8.03,JEFF corpus
,ARUNDINACEA,PHALAROIDES,,CHILD-PARENT,1.0,13.99,JEFF corpus
,PIMEPHALES,PHENACOBIUS,,PARENT-CHILD,1.0,11.99,JEFF corpus
,PHOXINUS,PHONIXUS,,CHILD-PARENT,1.0,9.24,JEFF corpus
,EOS,PHOSINUS,,CHILD-PARENT,1.0,13.41,JEFF corpus
,CEPHALUS,PHOXINUS,,PARENT-CHILD,2.0,8.55,JEFF corpus
,CYPRINIDAE,PHOXINUS,,PARENT-CHILD,1.0,11.0,JEFF corpus
,PERCINA,PHOXOCEPHALA,,PARENT-CHILD,1.0,11.99,JEFF corpus
,MINYTREMA,PIMEPHALES,,PARENT-CHILD,1.0,10.0,JEFF corpus
,FLESUS,PLATICHTYS,,CHILD-PARENT,1.0,12.41,JEFF corpus
,HEMIPTERA,PLECOPTERA,,PARENT-CHILD,2.0,11.75,JEFF corpus
,PLECOPTERA,PLECOPTERA,,PARENT-CHILD,1.0,11.0,JEFF corpus
,TRICHOPTERA,PLECOPTERA,,PARENT-CHILD,4.0,12.29,JEFF corpus
,CERATOPHYLLUM,PODOSTEMUM,,PARENT-CHILD,3.0,13.99,JEFF corpus
,POECILIIDAE,POECILIA,,PARENT-CHILD,1.0,9.91,JEFF corpus
,HOLBROOKI,POECILIDAE,,CHILD-PARENT,1.0,9.3,JEFF corpus
,PERCIDAE,POECILIIDAE,,PARENT-CHILD,1.0,12.19,JEFF corpus
,SALMONIDAE,POECILIIDAE,,PARENT-CHILD,1.0,10.91,JEFF corpus
,TELEOSTEI,POECILIIDAE,,PARENT-CHILD,1.0,11.83,JEFF corpus
,RETICULATA,POECILLIA,,CHILD-PARENT,2.0,11.3,JEFF corpus
,PEDICULUS,POLYPHEMUS,,PARENT-CHILD,1.0,13.41,JEFF corpus
,PARTITUS,POMACENTRUS,,CHILD-PARENT,1.0,13.41,JEFF corpus
,INUTES,POMATOSCHISTUS,,PARENT-CHILD,1.0,11.99,JEFF corpus
,NIGRORNUCULATUS,POMOXIS,,PARENT-CHILD,1.0,10.54,JEFF corpus
,ALBA,POPULUS,,PARENT-CHILD,1.0,13.41,JEFF corpus
,PLATANUS,POPULUS,,PARENT-CHILD,1.0,13.41,JEFF corpus
,ANNULARIS,PORNOXIS,,CHILD-PARENT,1.0,11.19,JEFF corpus
,NIGROMACULATUS,PORNOXIS,,CHILD-PARENT,1.0,11.09,JEFF corpus
,ILLINOENSIS,POTAMOGETON,,PARENT-CHILD,2.0,13.19,JEFF corpus
,CLARCII,PROCAMBARUS,,PARENT-CHILD,1.0,11.54,JEFF corpus
,CLARKII,PROCAMBARUS,,PARENT-CHILD,9.0,13.41,JEFF corpus
,OSTEICHTHYES,PROMELAS,,PARENT-CHILD,1.0,13.99,JEFF corpus
,WILLIAMSONI,PROPOSIUM,,CHILD-PARENT,1.0,11.41,JEFF corpus
,MARMORATUS,PROTERORCHINUS,,CHILD-PARENT,1.0,9.5,JEFF corpus
,MELANOSTOMUS,PROTERORHINUS,,PARENT-CHILD,1.0,8.65,JEFF corpus
,MAREANA,PROTOTROCTES,,PARENT-CHILD,5.0,13.99,JEFF corpus
,MAYLANDIA,PSEUDOTROPHEUS,,PARENT-CHILD,1.0,13.0,JEFF corpus
,ZEBRA,PSEUDOTROPHEUS,,PARENT-CHILD,2.0,13.41,JEFF corpus
,PERUGIA,PUNCTATUM,,PARENT-CHILD,3.0,13.41,JEFF corpus
,ETHEOSTOMA,PUNCTULATUS,,PARENT-CHILD,1.0,12.41,JEFF corpus
,SALMO,PUNGITIUS,,PARENT-CHILD,1.0,12.41,JEFF corpus
,PUNGITIUS,PUNGITUS,,CHILD-PARENT,1.0,9.35,JEFF corpus
,PUNGITIUS,PYGOSTEUS,,PARENT-CHILD,2.0,10.27,JEFF corpus
,PUNGITUS,PYGOSTEUS,,PARENT-CHILD,2.0,13.41,JEFF corpus
,MORONE,PYLODICTIS,,PARENT-CHILD,2.0,11.91,JEFF corpus
,OLI,PYLODICTIS,,PARENT-CHILD,1.0,11.54,JEFF corpus
,ILEX,QUERCUS,,PARENT-CHILD,1.0,13.41,JEFF corpus
,POPULUS,QUERCUS,,PARENT-CHILD,1.0,13.41,JEFF corpus
,POECILIIDAE,RETICULATA,,PARENT-CHILD,1.0,13.0,JEFF corpus
,OSCULUS,RHINICHTHYES,,CHILD-PARENT,1.0,11.67,JEFF corpus
,CYPRINIDAE,RHODEUS,,PARENT-CHILD,2.0,10.35,JEFF corpus
,SALIX,RIVER,,CHILD-PARENT,1.0,10.75,JEFF corpus
,CLADOCERA,ROTIFERA,,PARENT-CHILD,1.0,11.99,JEFF corpus
,PROTOZOA,ROTIFERA,,PARENT-CHILD,1.0,13.41,JEFF corpus
,CENTRARCHIDAE,RUPESTRIS,,PARENT-CHILD,2.0,13.41,JEFF corpus
,RUTILIS,RUTILIS,,PARENT-CHILD,2.0,13.41,JEFF corpus
,RUTILUS,RUTILIS,,PARENT-CHILD,2.0,8.24,JEFF corpus
,RUTILUS,RUTILU,,PARENT-CHILD,1.0,7.27,JEFF corpus
,ALBURNUS,RUTILUS,,PARENT-CHILD,1.0,9.57,JEFF corpus
,BJOERKNA,RUTILUS,,PARENT-CHILD,1.0,9.75,JEFF corpus
,BRAMA,RUTILUS,,PARENT-CHILD,2.0,9.85,JEFF corpus
,CEPHALUS,RUTILUS,,PARENT-CHILD,1.0,8.81,JEFF corpus
,FLUVIATILIS,RUTILUS,,PARENT-CHILD,4.0,10.525,JEFF corpus
,LUCIUS,RUTILUS,,PARENT-CHILD,1.0,7.4,JEFF corpus
,PERCA,RUTILUS,,PARENT-CHILD,1.0,12.68,JEFF corpus
,RURILUS,RUTILUS,,PARENT-CHILD,1.0,7.32,JEFF corpus
,SALMO,RUTILUS,,PARENT-CHILD,2.0,9.1,JEFF corpus
,SERICEUS,RUTILUS,,PARENT-CHILD,1.0,9.83,JEFF corpus
,TINCA,RUTILUS,,PARENT-CHILD,1.0,9.53,JEFF corpus
,LATIFOLIA,SAGITTARIA,,PARENT-CHILD,1.0,13.41,JEFF corpus
,LINNAEUS,SALAR,,PARENT-CHILD,3.0,9.58,JEFF corpus
,ALNUS,SALIX,,PARENT-CHILD,1.0,13.99,JEFF corpus
,CLARKI,SALMO,,CHILD-PARENT,1.0,4.49,JEFF corpus
,GAIRDNERI,SALMO,,PARENT-CHILD,53.0,10.18,JEFF corpus
,GAIRDNERII,SALMO,,CHILD-PARENT,1.0,4.5,JEFF corpus
,LINNAEUS,SALMO,,PARENT-CHILD,17.0,8.47,JEFF corpus
,MYKISS,SALMO,,CHILD-PARENT,2.0,5.29,JEFF corpus
,ONCORHYNCHUS,SALMO,,PARENT-CHILD,5.0,6.82,JEFF corpus
,ARTEDI,SALMONIDAE,,PARENT-CHILD,1.0,10.24,JEFF corpus
,CENTRARCHIDAE,SALMONIDAE,,PARENT-CHILD,1.0,10.75,JEFF corpus
,HOYI,SALMONIDAE,,PARENT-CHILD,1.0,10.35,JEFF corpus
,SALMONIDAE,SALMONIDAE,,PARENT-CHILD,3.0,11.72,JEFF corpus
,SILURIDAE,SALMONIDAE,,PARENT-CHILD,1.0,10.82,JEFF corpus
,UMBRIDAE,SALMONIDAE,,PARENT-CHILD,3.0,12.33,JEFF corpus
,CARPIODES,SALVELINUS,,CHILD-PARENT,1.0,13.0,JEFF corpus
,CYPRINUS,SALVELINUS,,CHILD-PARENT,1.0,13.0,JEFF corpus
,LINNEAUS,SALVELINUS,,PARENT-CHILD,2.0,6.22,JEFF corpus
,WILLUGHBII,SALVELINUS,,PARENT-CHILD,4.0,7.23,JEFF corpus
,CANADENSE,SANDER,,PARENT-CHILD,1.0,8.87,JEFF corpus
,VITREUM,SANDER,,PARENT-CHILD,2.0,9.56,JEFF corpus
,ERYTHROPH,SCARDINIUS,,PARENT-CHILD,2.0,10.82,JEFF corpus
,ERYTHROPHTALMUS,SCARDINIUS,,PARENT-CHILD,3.0,11.37,JEFF corpus
,ERYTHROPHTHALMUS,SCARDINUS,,PARENT-CHILD,3.0,11.3,JEFF corpus
,PUNGITIUS,SCHISTOCEPHALUS,,CHILD-PARENT,2.0,9.93,JEFF corpus
,GRUNNIENS,SCIAENIDAE,,PARENT-CHILD,1.0,11.83,JEFF corpus
,MAXIMUS,SCOPHTHALMUS,,PARENT-CHILD,4.0,13.99,JEFF corpus
,GAIRDNERI,SDMO,,PARENT-CHILD,2.0,10.16,JEFF corpus
,MELANOSTOMUS,SEMILUNARIS,,PARENT-CHILD,1.0,8.85,JEFF corpus
,CEPHALUS,SERICEUS,,CHILD-PARENT,1.0,9.0,JEFF corpus
,CYPRINIDAE,SERICEUS,,CHILD-PARENT,2.0,11.91,JEFF corpus
,LUCIOPERCA,SFIZOSTEDION,,CHILD-PARENT,1.0,8.76,JEFF corpus
,AFFINIS,SHUMARDI,,PARENT-CHILD,1.0,9.48,JEFF corpus
,2011A,SICYDIINAE,,PARENT-CHILD,1.0,11.83,JEFF corpus
,2011B,SICYDIINAE,,PARENT-CHILD,1.0,11.83,JEFF corpus
,ET,SICYDIINAE,,PARENT-CHILD,1.0,11.83,JEFF corpus
,GENUS,SICYDIINAE,,PARENT-CHILD,1.0,11.67,JEFF corpus
,KEITH,SICYDIINAE,,PARENT-CHILD,2.0,12.41,JEFF corpus
,LAGOCEPHALUS,SICYDIINAE,,PARENT-CHILD,1.0,9.12,JEFF corpus
,LORD,SICYDIINAE,,PARENT-CHILD,1.0,11.83,JEFF corpus
,SICYOPTERUS,SICYDIINAE,,PARENT-CHILD,1.0,13.41,JEFF corpus
,SPECIE,SICYDIINAE,,PARENT-CHILD,1.0,11.41,JEFF corpus
,ANTILLARUM,SICYDIUM,,PARENT-CHILD,4.0,12.19,JEFF corpus
,PERUGIA,SICYDIUM,,PARENT-CHILD,3.0,11.67,JEFF corpus
,EXTRANEUS,SICYOPTERUS,,PARENT-CHILD,1.0,8.54,JEFF corpus
,AGENEIOSUS,SILURIFORMES,,PARENT-CHILD,1.0,12.68,JEFF corpus
,HEMISORUBIM,SILURIFORMES,,PARENT-CHILD,1.0,12.68,JEFF corpus
,MAGOI,SILURIFORMES,,PARENT-CHILD,1.0,12.68,JEFF corpus
,PLATYRHYNCHOS,SILURIFORMES,,PARENT-CHILD,1.0,12.68,JEFF corpus
,LINNAEUS,SILURUS,,PARENT-CHILD,1.0,7.81,JEFF corpus
,DIPTERA,SIMULIIDAE,,PARENT-CHILD,1.0,11.54,JEFF corpus
,EPHEMEROPTERA,SIMULIIDAE,,PARENT-CHILD,1.0,11.83,JEFF corpus
,RUTILUS,SOREX,,CHILD-PARENT,1.0,12.19,JEFF corpus
,SYLVATICA,SOREX,,CHILD-PARENT,1.0,13.0,JEFF corpus
,THYMALLUS,SOUFFIA,,PARENT-CHILD,1.0,8.82,JEFF corpus
,ERECTUM,SPARGANIUM,,PARENT-CHILD,1.0,13.99,JEFF corpus
,MUGILIDAE,SPARIDAE,,PARENT-CHILD,1.0,13.99,JEFF corpus
,FLABELLARE,SPECTABILE,,PARENT-CHILD,1.0,10.68,JEFF corpus
,GRUNNIENS,SPECTABILE,,PARENT-CHILD,1.0,11.67,JEFF corpus
,HYBOPSIS,SPILOPTERA,,PARENT-CHILD,1.0,13.0,JEFF corpus
,ALBURNOIDES,SQUALIUS,,PARENT-CHILD,1.0,10.19,JEFF corpus
,BARBUS,SQUALIUS,,PARENT-CHILD,1.0,10.19,JEFF corpus
,PELOPONNENSIS,SQUALIUS,,PARENT-CHILD,1.0,10.19,JEFF corpus
,RUTILUS,SQUALIUS,,PARENT-CHILD,1.0,7.1,JEFF corpus
,CANADENSE,STIZOSTEDION,,PARENT-CHILD,2.0,9.95,JEFF corpus
,LUCIOPERCA,STIZOSTEDION,,PARENT-CHILD,44.0,13.36,JEFF corpus
,VITREUM,STIZOSTEDION,,PARENT-CHILD,16.0,12.62,JEFF corpus
,VOLGENSIS,STIZOSTEDION,,PARENT-CHILD,1.0,9.0,JEFF corpus
,LUCIOPERCA,STIZOSTEDIUM,,PARENT-CHILD,2.0,9.75,JEFF corpus
,VITREUM,STIZOSTEDON,,CHILD-PARENT,1.0,10.6,JEFF corpus
,VITREUM,STIZOTEDION,,CHILD-PARENT,1.0,10.6,JEFF corpus
,ANOMALUM,STREAM,,CHILD-PARENT,3.0,12.68,JEFF corpus
,CAMPOSTOMA,STREAM,,CHILD-PARENT,3.0,12.68,JEFF corpus
,CHONDROSTOMA,STUDY,,CHILD-PARENT,1.0,11.19,JEFF corpus
,GUIRDNERI,SULMO,,PARENT-CHILD,9.0,13.53,JEFF corpus
,TRUTTA,SULMO,,PARENT-CHILD,7.0,8.3,JEFF corpus
,ALPINUS,SULVELINUS,,PARENT-CHILD,1.0,6.06,JEFF corpus
,MERIALUEILLA,SUOMEN,,PARENT-CHILD,1.0,13.99,JEFF corpus
,GLANIS,TAENIA,,PARENT-CHILD,1.0,11.19,JEFF corpus
,CAROLINAE,TALLAPOOSA,,CHILD-PARENT,1.0,11.67,JEFF corpus
,ANGUILLIDAE,TELEOSTEI,,PARENT-CHILD,1.0,11.09,JEFF corpus
,CHARACIDAE,TELEOSTEI,,PARENT-CHILD,1.0,10.82,JEFF corpus
,CHRENUCHIDAE,TELEOSTEI,,PARENT-CHILD,1.0,11.09,JEFF corpus
,CICHLIDAE,TELEOSTEI,,PARENT-CHILD,1.0,10.91,JEFF corpus
,COBITIDAE,TELEOSTEI,,PARENT-CHILD,1.0,11.09,JEFF corpus
,COTTIDAE,TELEOSTEI,,PARENT-CHILD,1.0,11.09,JEFF corpus
,CYPRINIDAE,TELEOSTEI,,PARENT-CHILD,5.0,12.51,JEFF corpus
,GOBIIDAE,TELEOSTEI,,PARENT-CHILD,1.0,10.82,JEFF corpus
,OSTEOGLOSSIDAE,TELEOSTEI,,PARENT-CHILD,2.0,11.83,JEFF corpus
,SANDER,TELEOSTEI,,PARENT-CHILD,1.0,12.41,JEFF corpus
,VITREUS,TELEOSTEI,,PARENT-CHILD,1.0,12.41,JEFF corpus
,THYMALLUS,TELESTES,,PARENT-CHILD,1.0,8.81,JEFF corpus
,LEPIDOPTERA,TETRIX,,CHILD-PARENT,1.0,12.41,JEFF corpus
,CATOSTOMIDAE,TEXANUS,,PARENT-CHILD,1.0,13.0,JEFF corpus
,VIGILAX,TEXANUS,,PARENT-CHILD,1.0,11.54,JEFF corpus
,THYMALLUS,THAMALLUS,,CHILD-PARENT,1.0,8.82,JEFF corpus
,LINNAEUS,THYMALLUS,,PARENT-CHILD,2.0,7.575,JEFF corpus
,SALMONIDAE,THYMALLUS,,PARENT-CHILD,2.0,11.75,JEFF corpus
,TINCA,THYMALLUS,,PARENT-CHILD,4.0,9.85,JEFF corpus
,ARCTICUS,THYMALUS,,CHILD-PARENT,1.0,9.83,JEFF corpus
,COLEOPTERA,THYSANOPTERA,,PARENT-CHILD,1.0,13.0,JEFF corpus
,MOSSAMBICA,TILAPIA,,PARENT-CHILD,1.0,11.09,JEFF corpus
,NILOTICA,TILAPIA,,PARENT-CHILD,3.0,12.49,JEFF corpus
,DELINEATUS,TINCA,,PARENT-CHILD,1.0,11.54,JEFF corpus
,ERYTHROPHTHALMUS,TINCA,,PARENT-CHILD,1.0,9.67,JEFF corpus
,LUCIUS,TINCA,,PARENT-CHILD,1.0,7.47,JEFF corpus
,PHOXINUS,TINCA,,PARENT-CHILD,1.0,9.16,JEFF corpus
,CHIRONOMIDAE,TRICHOPTERA,,PARENT-CHILD,1.0,11.0,JEFF corpus
,DIPTERA,TRICHOPTERA,,PARENT-CHILD,2.0,11.61,JEFF corpus
,EPHEMEROPTERA,TRICHOPTERA,,PARENT-CHILD,1.0,10.75,JEFF corpus
,LEPIDOPTERA,TRICHOPTERA,,PARENT-CHILD,1.0,10.91,JEFF corpus
,MEGALOPTERA,TRICHOPTERA,,PARENT-CHILD,1.0,11.19,JEFF corpus
,MOLLUSCA,TRICHOPTERA,,PARENT-CHILD,1.0,11.19,JEFF corpus
,ODONATA,TRICHOPTERA,,PARENT-CHILD,2.0,11.67,JEFF corpus
,TRICHOPTERA,TRICHOPTERA,,PARENT-CHILD,3.0,11.63,JEFF corpus
,HAASI,TRUTTA,,CHILD-PARENT,1.0,10.41,JEFF corpus
,LINNAEUS,TRUTTA,,PARENT-CHILD,14.0,11.67,JEFF corpus
,MYKISS,TRUTTA,,CHILD-PARENT,1.0,7.05,JEFF corpus
,THYMALLUS,TRUTTA,,CHILD-PARENT,1.0,8.54,JEFF corpus
,LATIFOLIA,TYPHA,,PARENT-CHILD,1.0,13.41,JEFF corpus
,VULGARIS,UTRICULARIA,,CHILD-PARENT,1.0,12.68,JEFF corpus
,AMERICUNA,VALLISNERIA,,PARENT-CHILD,3.0,13.99,JEFF corpus
,CYPRINIFORMES,VENUSTA,,PARENT-CHILD,1.0,13.99,JEFF corpus
,BAY,VICTORIA,,PARENT-CHILD,1.0,12.41,JEFF corpus
,ISLAND,VICTORIA,,PARENT-CHILD,1.0,13.0,JEFF corpus
,NYEREREI,VICTORIA,,PARENT-CHILD,1.0,11.41,JEFF corpus
,ESOX,VISON,,PARENT-CHILD,1.0,11.99,JEFF corpus
,LUCIUS,VISON,,PARENT-CHILD,1.0,11.99,JEFF corpus
,HIODON,VITREUM,,PARENT-CHILD,1.0,11.99,JEFF corpus
,CANADENSIS,VITREUS,,PARENT-CHILD,1.0,10.82,JEFF corpus
,PERCINA,VOLUCELLUS,,PARENT-CHILD,1.0,11.99,JEFF corpus
,SULVELINUS,WATER,,CHILD-PARENT,1.0,11.67,JEFF corpus
,HYBOPSIS,WHIPPLEI,,PARENT-CHILD,1.0,13.0,JEFF corpus
,CALLITRICHE,ZANNICHELLIA,,CHILD-PARENT,1.0,13.99,JEFF corpus
